  0.000000  0.000000
  0.229813  0.192836
  0.461466  0.386287
  0.692679  0.578430
  0.923430  0.769251
  1.153722  0.958754
  1.383556  1.146942
  1.612935  1.333821
  1.841859  1.519394
  2.070331  1.703667
  2.298352  1.886642
  2.525925  2.068325
  2.753051  2.248719
  2.979731  2.427828
  3.205968  2.605656
  3.431763  2.782208
  3.657119  2.957487
  3.882036  3.131497
  4.106516  3.304243
  4.330562  3.475727
  4.554174  3.645953
  4.777355  3.814926
  5.000106  3.982649
  5.222429  4.149125
  5.444325  4.314359
  5.665797  4.478353
  5.886845  4.641112
  6.107471  4.802639
  6.327678  4.962937
  6.547466  5.122010
  6.766837  5.279861
  6.985793  5.436494
  7.204335  5.591911
  7.422465  5.746117
  7.640185  5.899114
  7.857495  6.050906
  8.074398  6.201496
  8.290895  6.350886
  8.506989  6.499081
  8.722678  6.646083
  8.937966  6.791896
  9.152855  6.936522
  9.367345  7.079964
  9.581438  7.222225
  9.795135  7.363308
 10.008439  7.503216
 10.221350  7.641953
 10.433869  7.779521
 10.645999  7.915921
 10.857740  8.051159
 11.069096  8.185235
 11.280066  8.318153
 11.490651  8.449916
 11.700854  8.580526
 11.910676  8.709987
 12.120118  8.838299
 12.329182  8.965466
 12.537868  9.091492
 12.746178  9.216376
 12.954114  9.340124
 13.161677  9.462737
 13.368869  9.584217
 13.575690  9.704567
 13.782143  9.823789
 13.988227  9.941885
 14.193945 10.058859
 14.399298 10.174711
 14.604287 10.289445
 14.808914 10.403063
 15.013180 10.515567
 15.217085 10.626959
 15.420631 10.737241
 15.623820 10.846416
 15.826653 10.954485
 16.029131 11.061451
 16.231255 11.167315
 16.433027 11.272080
 16.634449 11.375749
 16.835520 11.478321
 17.036242 11.579801
 17.236616 11.680188
 17.436644 11.779487
 17.636326 11.877698
 17.835665 11.974823
 18.034660 12.070865
 18.233315 12.165824
 18.431629 12.259703
 18.629604 12.352504
 18.827242 12.444228
 19.024542 12.534877
 19.221506 12.624453
 19.418137 12.712956
 19.614433 12.800391
 19.810398 12.886757
 20.006031 12.972056
 20.201334 13.056291
 20.396307 13.139462
 20.590952 13.221571
 20.785271 13.302620
 20.979263 13.382609
 21.172932 13.461542
 21.366276 13.539418
 21.559298 13.616241
 21.751999 13.692010
 21.944380 13.766727
 22.136442 13.840395
 22.328186 13.913013
 22.519613 13.984584
 22.710724 14.055108
 22.901520 14.124587
 23.092001 14.193023
 23.282169 14.260416
 23.472027 14.326768
 23.661573 14.392080
 23.850809 14.456354
 24.039736 14.519590
 24.228355 14.581790
 24.416668 14.642954
 24.604675 14.703084
 24.792377 14.762181
 24.979774 14.820246
 25.166870 14.877279
 25.353662 14.933283
 25.540155 14.988258
 25.726347 15.042206
 25.912241 15.095126
 26.097836 15.147020
 26.283134 15.197889
 26.468136 15.247735
 26.652843 15.296557
 26.837255 15.344357
 27.021376 15.391136
 27.205202 15.436894
 27.388739 15.481632
 27.571983 15.525352
 27.754938 15.568052
 27.937605 15.609736
 28.119984 15.650404
 28.302076 15.690055
 28.483883 15.728691
 28.665403 15.766313
 28.846642 15.802920
 29.027596 15.838515
 29.208267 15.873097
 29.388657 15.906668
 29.568766 15.939227
 29.748596 15.970776
 29.928146 16.001314
 30.107420 16.030844
 30.286415 16.059364
 30.465136 16.086876
 30.643579 16.113380
 30.821749 16.138878
 30.999645 16.163368
 31.177269 16.186852
 31.354620 16.209330
 31.531700 16.230801
 31.708509 16.251266
 31.885050 16.270727
 32.061321 16.289185
 32.237324 16.306637
 32.413059 16.323086
 32.588528 16.338531
 32.763733 16.352974
 32.938671 16.366413
 33.113346 16.378849
 33.287758 16.390284
 33.461906 16.400715
 33.635796 16.410145
 33.809425 16.418573
 33.982792 16.425999
 34.155899 16.432423
 34.328751 16.437845
 34.501343 16.442266
 34.673679 16.445686
 34.845760 16.448107
 35.017586 16.449526
 35.189156 16.449944
 35.360474 16.449360
 35.531536 16.447775
 35.702347 16.445190
 35.872906 16.441605
 36.043213 16.437017
 36.213272 16.431429
 36.383080 16.424839
 36.552639 16.417248
 36.721951 16.408655
 36.891018 16.399061
 37.059837 16.388466
 37.228413 16.376869
 37.396740 16.364271
 37.564823 16.350672
 37.732662 16.336069
 37.900261 16.320463
 38.067616 16.303856
 38.234730 16.286245
 38.401604 16.267632
 38.568237 16.248014
 38.734631 16.227392
 38.900787 16.205767
 39.066704 16.183136
 39.232384 16.159500
 39.397827 16.134859
 39.563034 16.109213
 39.728004 16.082560
 39.892742 16.054901
 40.057247 16.026236
 40.221516 15.996562
 40.385551 15.965880
 40.549358 15.934191
 40.712933 15.901491
 40.876274 15.867783
 41.039387 15.833064
 41.202271 15.797335
 41.364925 15.760594
 41.527351 15.722841
 41.689552 15.684076
 41.851524 15.644298
 42.013271 15.603505
 42.174793 15.561699
 42.336090 15.518877
 42.497162 15.475039
 42.658009 15.430185
 42.818634 15.384314
 42.979038 15.337423
 43.139221 15.289515
 43.299183 15.240585
 43.458923 15.190636
 43.618443 15.139665
 43.777744 15.087671
 43.936825 15.034655
 44.095688 14.980614
 44.254333 14.925548
 44.412762 14.869455
 44.570972 14.812336
 44.728970 14.754189
 44.886749 14.695012
 45.044315 14.634806
 45.201668 14.573568
 45.358807 14.511299
 45.515732 14.447997
 45.672447 14.383660
 45.828949 14.318289
 45.985241 14.251881
 46.141323 14.184435
 46.297195 14.115950
 46.452858 14.046425
 46.608311 13.975859
 46.763554 13.904250
 46.918591 13.831598
 47.073421 13.757901
 47.228043 13.683158
 47.382458 13.607367
 47.536671 13.530526
 47.690678 13.452636
 47.844479 13.373693
 47.998077 13.293698
 48.151470 13.212648
 48.304661 13.130543
 48.457649 13.047379
 48.610435 12.963158
 48.763023 12.877875
 48.915409 12.791532
 49.067596 12.704124
 49.219582 12.615652
 49.371368 12.526113
 49.522957 12.435505
 49.674347 12.343827
 49.825539 12.251079
 49.976536 12.157257
 50.127335 12.062361
 50.277939 11.966388
 50.428349 11.869336
 50.578560 11.771204
 50.728577 11.671990
 50.878403 11.571693
 51.028034 11.470310
 51.177471 11.367840
 51.326717 11.264280
 51.475769 11.159630
 51.624630 11.053886
 51.773300 10.947047
 51.921780 10.839111
 52.070068 10.730077
 52.218170 10.619941
 52.366081 10.508701
 52.513805 10.396357
 52.661343 10.282905
 52.808689 10.168344
 52.955849 10.052670
 53.102821  9.935884
 53.249611  9.817982
 53.396214  9.698961
 53.542629  9.578820
 53.688862  9.457557
 53.834911  9.335168
 53.980774  9.211652
 54.126453  9.087007
 54.271950  8.961229
 54.417267  8.834317
 54.562401  8.706268
 54.707352  8.577080
 54.852123  8.446750
 54.996712  8.315275
 55.141121  8.182653
 55.285351  8.048882
 55.429401  7.913959
 55.573273  7.777881
 55.716965  7.640646
 55.860481  7.502250
 56.003819  7.362691
 56.146980  7.221967
 56.289967  7.080075
 56.432774  6.937011
 56.575405  6.792774
 56.717861  6.647359
 56.860146  6.500765
 57.002254  6.352989
 57.144188  6.204026
 57.285950  6.053875
 57.427536  5.902532
 57.568951  5.749995
 57.710194  5.596260
 57.851265  5.441323
 57.992165  5.285183
 58.132893  5.127835
 58.273449  4.969277
 58.413837  4.809505
 58.554054  4.648517
 58.694103  4.486307
 58.833981  4.322874
 58.973690  4.158214
 59.113232  3.992323
 59.252605  3.825199
 59.391811  3.656837
 59.530849  3.487234
 59.669724  3.316386
 59.808430  3.144290
 59.946972  2.970942
 60.085346  2.796339
 60.223557  2.620476
 60.361603  2.443351
 60.499485  2.264959
 60.637203  2.085296
 60.774757  1.904359
 60.912148  1.722143
 61.049377  1.538645
 61.186443  1.353860
 61.323349  1.167785
 61.460091  0.980416
 61.596672  0.791748
 61.733093  0.601777
 61.869354  0.410500
 62.005455  0.217911
 62.141396  0.024007
 62.277176 -0.171217
