   0.00000000       0.00000000    
  0.229813322      0.192345783    
  0.459626645      0.383710563    
  0.689439952      0.574094355    
  0.919253290      0.763497114    
   1.14906657      0.951918840    
   1.37887990       1.13935971    
   1.60869324       1.32581949    
   1.83850658       1.51129830    
   2.06831980       1.69579589    
   2.29813313       1.87931275    
   2.52794671       2.06184864    
   2.75775981       2.24340343    
   2.98757315       2.42397714    
   3.21738648       2.60356998    
   3.44719982       2.78218150    
   3.67701316       2.95981264    
   3.90682650       3.13646221    
   4.13663960       3.31213093    
   4.36645317       3.48681879    
   4.59626627       3.66052556    
   4.82607985       3.83325148    
   5.05589342       4.00499630    
   5.28570652       4.17576027    
   5.51551962       4.34554291    
   5.74533319       4.51434469    
   5.97514629       4.68216562    
   6.20495939       4.84900475    
   6.43477297       5.01486397    
   6.66458654       5.17974186    
   6.89439964       5.34363794    
   7.12421322       5.50655413    
   7.35402632       5.66848898    
   7.58383942       5.82944250    
   7.81365299       5.98941565    
   8.04346657       6.14840746    
   8.27327919       6.30641794    
   8.50309277       6.46344805    
   8.73290634       6.61949682    
   8.96271992       6.77456427    
   9.19253254       6.92865086    
   9.42234612       7.08175707    
   9.65215969       7.23388195    
   9.88197231       7.38502550    
   10.1117868       7.53518867    
   10.3415995       7.68437004    
   10.5714130       7.83257103    
   10.8012266       7.97979021    
   11.0310392       8.12602997    
   11.2608528       8.27128696    
   11.4906664       8.41556454    
   11.7204800       8.55885983    
   11.9502926       8.70117474    
   12.1801062       8.84250832    
   12.4099188       8.98286057    
   12.6397333       9.12223339    
   12.8695459       9.26062393    
   13.0993595       9.39803314    
   13.3291731       9.53446198    
   13.5589857       9.66991043    
   13.7887993       9.80437660    
   14.0186129       9.93786335    
   14.2484264       10.0703678    
   14.4782400       10.2018909    
   14.7080526       10.3324337    
   14.9378662       10.4619961    
   15.1676788       10.5905762    
   15.3974924       10.7181759    
   15.6273060       10.8447952    
   15.8571196       10.9704323    
   16.0869331       11.0950899    
   16.3167458       11.2187653    
   16.5465584       11.3414593    
   16.7763729       11.4631739    
   17.0061855       11.5839071    
   17.2360001       11.7036581    
   17.4658127       11.8224297    
   17.6956253       11.9402189    
   17.9254398       12.0570278    
   18.1552525       12.1728554    
   18.3850651       12.2877026    
   18.6148796       12.4015694    
   18.8446922       12.5144539    
   19.0745068       12.6263561    
   19.3043194       12.7372799    
   19.5341320       12.8472204    
   19.7639446       12.9561815    
   19.9937592       13.0641613    
   20.2235737       13.1711607    
   20.4533863       13.2771797    
   20.6831989       13.3822145    
   20.9130116       13.4862709    
   21.1428261       13.5893459    
   21.3726387       13.6914406    
   21.6024532       13.7925510    
   21.8322659       13.8926840    
   22.0620785       13.9918346    
   22.2918930       14.0900040    
   22.5217056       14.1871929    
   22.7515182       14.2834015    
   22.9813328       14.3786278    
   23.2111454       14.4728746    
   23.4409599       14.5661383    
   23.6707726       14.6584225    
   23.9005852       14.7497253    
   24.1303978       14.8400459    
   24.3602123       14.9293880    
   24.5900249       15.0177479    
   24.8198376       15.1051254    
   25.0496540       15.1915245    
   25.2794666       15.2769413    
   25.5092793       15.3613758    
   25.7390919       15.4448318    
   25.9689064       15.5273056    
   26.1987190       15.6087971    
   26.4285316       15.6893101    
   26.6583462       15.7688408    
   26.8881588       15.8473892    
   27.1179714       15.9249592    
   27.3477840       16.0015469    
   27.5775986       16.0771523    
   27.8074112       16.1517792    
   28.0372257       16.2254257    
   28.2670403       16.2980881    
   28.4968529       16.3697701    
   28.7266655       16.4404736    
   28.9564800       16.5101929    
   29.1862926       16.5789337    
   29.4161053       16.6466923    
   29.6459179       16.7134686    
   29.8757324       16.7792664    
   30.1055450       16.8440819    
   30.3353577       16.9079170    
   30.5651703       16.9707718    
   30.7949848       17.0326424    
   31.0247993       17.0935345    
   31.2546120       17.1534462    
   31.4844265       17.2123756    
   31.7142391       17.2703247    
   31.9440517       17.3272934    
   32.1738663       17.3832798    
   32.4036789       17.4382858    
   32.6334915       17.4923096    
   32.8633041       17.5453529    
   33.0931168       17.5974159    
   33.3229294       17.6484985    
   33.5527458       17.6986008    
   33.7825584       17.7477188    
   34.0123711       17.7958565    
   34.2421875       17.8430157    
   34.4720001       17.8891907    
   34.7018127       17.9343872    
   34.9316254       17.9786034    
   35.1614380       18.0218353    
   35.3912506       18.0640888    
   35.6210632       18.1053619    
   35.8508797       18.1456509    
   36.0806923       18.1849613    
   36.3105049       18.2232895    
   36.5403175       18.2606373    
   36.7701302       18.2970047    
   36.9999466       18.3323898    
   37.2297592       18.3667965    
   37.4595718       18.4002190    
   37.6893845       18.4326630    
   37.9191971       18.4641247    
   38.1490135       18.4946022    
   38.3788261       18.5241051    
   38.6086388       18.5526237    
   38.8384514       18.5801620    
   39.0682640       18.6067162    
   39.2980766       18.6322918    
   39.5278893       18.6568871    
   39.7577057       18.6805000    
   39.9875183       18.7031326    
   40.2173309       18.7247849    
   40.4471474       18.7454567    
   40.6769600       18.7651482    
   40.9067726       18.7838593    
   41.1365852       18.8015823    
   41.3663979       18.8183289    
   41.5962105       18.8340969    
   41.8260231       18.8488808    
   42.0558357       18.8626862    
   42.2856522       18.8755093    
   42.5154648       18.8873482    
   42.7452774       18.8982105    
   42.9750938       18.9080906    
   43.2049065       18.9169865    
   43.4347191       18.9249058    
   43.6645317       18.9318428    
   43.8943443       18.9377995    
   44.1241570       18.9427738    
   44.3539696       18.9467697    
   44.5837860       18.9497776    
   44.8135986       18.9518127    
   45.0434113       18.9528618    
   45.2732239       18.9529324    
   45.5030365       18.9520226    
   45.7328529       18.9501286    
   45.9626656       18.9472561    
   46.1924782       18.9434013    
   46.4222908       18.9385681    
   46.6521034       18.9327488    
   46.8819199       18.9259529    
   47.1117325       18.9181747    
   47.3415451       18.9094143    
   47.5713577       18.8996773    
   47.8011703       18.8889561    
   48.0309830       18.8772507    
   48.2607956       18.8645687    
   48.4906082       18.8509045    
   48.7204247       18.8362598    
   48.9502373       18.8206348    
   49.1800499       18.8040295    
   49.4098625       18.7864361    
   49.6396751       18.7678680    
   49.8694878       18.7483196    
   50.0993080       18.7277870    
   50.3291206       18.7062740    
   50.5589333       18.6837826    
   50.7887459       18.6603088    
   51.0185585       18.6358490    
   51.2483711       18.6104145    
   51.4781837       18.5839977    
   51.7080002       18.5566025    
   51.9378128       18.5282230    
   52.1676254       18.4988613    
   52.3974380       18.4685192    
   52.6272507       18.4371967    
   52.8570633       18.4048958    
   53.0868759       18.3716106    
   53.3166924       18.3373451    
   53.5465050       18.3020973    
   53.7763176       18.2658710    
   54.0061302       18.2286644    
   54.2359428       18.1904755    
   54.4657555       18.1513042    
   54.6955681       18.1111546    
   54.9253807       18.0700188    
   55.1551971       18.0279083    
   55.3850098       17.9848137    
   55.6148224       17.9407387    
   55.8446350       17.8956833    
   56.0744514       17.8496456    
   56.3042679       17.8026257    
   56.5340805       17.7546253    
   56.7638931       17.7056446    
   56.9937057       17.6556835    
   57.2235184       17.6047440    
   57.4533310       17.5528202    
   57.6831436       17.4999180    
   57.9129601       17.4460297    
   58.1427727       17.3911629    
   58.3725853       17.3353176    
   58.6023979       17.2784882    
   58.8322105       17.2206802    
   59.0620232       17.1618919    
   59.2918358       17.1021156    
   59.5216484       17.0413666    
   59.7514648       16.9796333    
   59.9812775       16.9169197    
   60.2110901       16.8532257    
   60.4409027       16.7885437    
   60.6707153       16.7228889    
   60.9005280       16.6562500    
   61.1303406       16.5886345    
   61.3601532       16.5200348    
   61.5899696       16.4504509    
   61.8197861       16.3798904    
   62.0495987       16.3083420    
   62.2794113       16.2358170    
   62.5092239       16.1623154    
   62.7390404       16.0878296    
   62.9688530       16.0123634    
   63.1986656       15.9359169    
   63.4284782       15.8584824    
   63.6582909       15.7800751    
   63.8881035       15.7006836    
   64.1179199       15.6203117    
   64.3477325       15.5389595    
   64.5775452       15.4566269    
   64.8073578       15.3733101    
   65.0371704       15.2890129    
   65.2669830       15.2037354    
   65.4967957       15.1174774    
   65.7266083       15.0302391    
   65.9564209       14.9420204    
   66.1862335       14.8528175    
   66.4160461       14.7626343    
   66.6458588       14.6714745    
   66.8756714       14.5793266    
   67.1054916       14.4862061    
   67.3353043       14.3920975    
   67.5651169       14.2970085    
   67.7949295       14.2009392    
   68.0247421       14.1038895    
   68.2545624       14.0058594    
   68.4843750       13.9068489    
   68.7141876       13.8068581    
   68.9440002       13.7058830    
   69.1738129       13.6039276    
   69.4036255       13.5009918    
   69.6334381       13.3970795    
   69.8632507       13.2921829    
   70.0930634       13.1863022    
   70.3228760       13.0794411    
   70.5526886       12.9716034    
   70.7825012       12.8627815    
   71.0123138       12.7529793    
   71.2421265       12.6421967    
   71.4719391       12.5304337    
   71.7017593       12.4176865    
   71.9315720       12.3039627    
   72.1613846       12.1892548    
   72.3911972       12.0735664    
   72.6210098       11.9568977    
   72.8508224       11.8392487    
   73.0806351       11.7206154    
   73.3104477       11.6010017    
   73.5402603       11.4804115    
   73.7700806       11.3588371    
   73.9998932       11.2362785    
   74.2297058       11.1127434    
   74.4595184       10.9882278    
   74.6893311       10.8627243    
   74.9191437       10.7362480    
   75.1489563       10.6087875    
   75.3787689       10.4803505    
   75.6085815       10.3509254    
   75.8383942       10.2205238    
   76.0682068       10.0891380    
   76.2980270       9.95676804    
   76.5278397       9.82342148    
   76.7576523       9.68910217    
   76.9874649       9.55379105    
   77.2172775       9.41750336    
   77.4470901       9.28023148    
   77.6769028       9.14198685    
   77.9067154       9.00274658    
   78.1365280       8.86253357    
   78.3663406       8.72134399    
   78.5961533       8.57916260    
   78.8259659       8.43601227    
   79.0557785       8.29187393    
   79.2855911       8.14675522    
   79.5154114       8.00065231    
   79.7452240       7.85357285    
   79.9750366       7.70550919    
   80.2048492       7.55647278    
   80.4346619       7.40644455    
   80.6644745       7.25544739    
   80.8942947       7.10345840    
   81.1241074       6.95048523    
   81.3539200       6.79654694    
   81.5837326       6.64161682    
   81.8135452       6.48571396    
   82.0433578       6.32881546    
   82.2731705       6.17094421    
   82.5029831       6.01209641    
   82.7327957       5.85225677    
   82.9626083       5.69144821    
   83.1924210       5.52965546    
   83.4222336       5.36686707    
   83.6520462       5.20311737    
   83.8818588       5.03837585    
   84.1116714       4.87266541    
   84.3414841       4.70595551    
   84.5713043       4.53828430    
   84.8011169       4.36962128    
   85.0309296       4.19997406    
   85.2607422       4.02935028    
   85.4905548       3.85774231    
   85.7203751       3.68515778    
   85.9501877       3.51158905    
   86.1800003       3.33703613    
   86.4098129       3.16150665    
   86.6396255       2.98500824    
   86.8694382       2.80751038    
   87.0992508       2.62904358    
   87.3290634       2.44958496    
   87.5588760       2.26914978    
   87.7886887       2.08773804    
   88.0185013       1.90534210    
   88.2483139       1.72196198    
   88.4781265       1.53760529    
   88.7079391       1.35227203    
   88.9377518       1.16594696    
   89.1675720      0.978637695    
   89.3973846      0.790367126    
   89.6271973      0.601104736    
   89.8570099      0.410858154    
   90.0868225      0.219627380    
   90.3166351       2.74276733E-02
   90.5464478     -0.165763855    
